每幅图像的标定误差：
第1幅图像的平均误差：0.0746687像素
第2幅图像的平均误差：0.0997209像素
第3幅图像的平均误差：0.101109像素
第4幅图像的平均误差：0.0931像素
第5幅图像的平均误差：0.0826582像素
第6幅图像的平均误差：0.120406像素
第7幅图像的平均误差：0.0940172像素
第8幅图像的平均误差：0.133823像素
第9幅图像的平均误差：0.117395像素
第10幅图像的平均误差：0.0824461像素
总体平均误差：0.0999344像素

相机内参数矩阵：
[910.2731005607681, 0, 644.5935588349126;
 0, 764.2015489164895, 360.9192061495937;
 0, 0, 1]

畸变系数：
[-0.4268342498994094, 0.276435968465727, -0.0001005274959052751, -0.0007840872741101367, -0.13471624168038]


第1幅图像的旋转向量：
[-48.64055382617812;
 -19.89259359367881;
 95.30325349191047]
第1幅图像的旋转矩阵：
[-0.1459567804758783, -0.6727834598320886, -0.7252992723072874;
 0.9067490335714755, -0.3841556823009441, 0.1738694966723354;
 -0.3956043583560619, -0.6322869822574718, 0.6661158785957799]
第1幅图像的平移向量：
[1.938431883130359;
 1.992997163451841;
 0.3057458978049097]

第2幅图像的旋转向量：
[-42.49012417720683;
 -18.05220117768115;
 107.4489345186671]
第2幅图像的旋转矩阵：
[-0.5274181098229179, 0.6961388716645636, -0.4870531888699721;
 -0.4987543459103845, -0.7177836482480501, -0.4858299463219862;
 -0.6878039254513781, -0.01331561734610173, 0.7257743826206371]
第2幅图像的平移向量：
[-2.208409677767362;
 -2.341568317905097;
 0.0138925960285977]

第3幅图像的旋转向量：
[-44.96574064867137;
 -20.16763120769566;
 110.9809651725741]
第3幅图像的旋转矩阵：
[-0.260899488126893, -0.7210364671672459, -0.6419017604821646;
 0.9007746058360561, -0.4209642510742277, 0.1067436592890285;
 -0.347183764850868, -0.5503594392144934, 0.7593206971309849]
第3幅图像的平移向量：
[-2.122049941389869;
 -2.22833143894221;
 0.1785381602908771]

第4幅图像的旋转向量：
[-35.83083873102384;
 -24.51805292775415;
 134.3115946604913]
第4幅图像的旋转矩阵：
[-0.8491507420251975, -0.117888833331421, -0.5148254464319076;
 0.2921827100480743, -0.9168755908517748, -0.2719713493167465;
 -0.4399685003122604, -0.381367767222094, 0.8130106671237557]
第4幅图像的平移向量：
[-1.863687708730662;
 -1.911480081784908;
 0.5602933982766064]

第5幅图像的旋转向量：
[-38.49514005722988;
 -30.85048012508036;
 138.6214028768122]
第5幅图像的旋转矩阵：
[-0.7413125655504534, -0.3632018934639639, -0.5643935371185571;
 0.5682800302441405, -0.7870844447832093, -0.2399080740742711;
 -0.3570903070411229, -0.4985804462315973, 0.7898759720695252]
第5幅图像的平移向量：
[-1.751712335579146;
 -1.834155938004157;
 0.5643319792585844]

第6幅图像的旋转向量：
[-49.58255872728355;
 -19.77813052504458;
 129.7542810990825]
第6幅图像的旋转矩阵：
[-0.2986134971877025, -0.7353707007656062, -0.608325498193879;
 0.8832153656484613, -0.454445151941233, 0.1158025118879742;
 -0.3616083477739206, -0.5027022342626009, 0.7851941584650284]
第6幅图像的平移向量：
[-1.824081418026452;
 -1.80744068402616;
 0.01241609075396176]

第7幅图像的旋转向量：
[-44.83932939217763;
 -20.92056424323831;
 115.0849002429996]
第7幅图像的旋转矩阵：
[0.933558223542031, 0.3563103226371178, 0.03888440869140602;
 -0.3471997082828551, 0.9259201291282869, -0.1487423175944114;
 -0.08900227988848111, 0.1253589584245558, 0.9881111909685888]
第7幅图像的平移向量：
[-1.898171650763793;
 -1.908696141942966;
 -0.2793877743959454]

第8幅图像的旋转向量：
[-26.73817114357504;
 -22.48613386282345;
 93.53777048054519]
第8幅图像的旋转矩阵：
[0.7925142385438685, 0.6037824911661547, 0.08583638544594216;
 -0.5768242754805657, 0.7878218786493094, -0.2158945176186582;
 -0.1979771121153971, 0.1215869683916205, 0.9726364542807258]
第8幅图像的平移向量：
[-1.937935504538543;
 -1.867788293914312;
 -0.5236943655500227]

第9幅图像的旋转向量：
[-33.80801332639521;
 -16.14890823916377;
 88.0622900281376]
第9幅图像的旋转矩阵：
[0.2272151786728979, -0.8612211901390948, -0.4546111791806753;
 0.9664917681284956, 0.1421643491806018, 0.2137357245804038;
 -0.1194442326799305, -0.487941963226629, 0.8646650888072478]
第9幅图像的平移向量：
[-1.973561041763624;
 -1.967115967000565;
 -0.8105234305369237]

第10幅图像的旋转向量：
[-25.39930564363797;
 -12.91714402893599;
 81.37083318667962]
第10幅图像的旋转矩阵：
[-0.07476906948443007, 0.9808621179889977, -0.179775114358384;
 -0.8769688272278965, -0.1504949310752811, -0.4563736975233941;
 -0.4746949149916823, 0.1235345345026401, 0.8714378672437041]
第10幅图像的平移向量：
[-1.913210275466673;
 -2.203153970812517;
 -1.046871952825777]


