The camera matrix is:
[912.3446567982435, 0, 641.5763441343696;
 0, 765.7315496208902, 364.7794518679733;
 0, 0, 1]
This distortion coeff is: 
[-0.4266971874776381, 0.2650968861630991, -0.0005362497991026868, -0.0004101148556483313, -0.09748764660206589]
The r_vec and the t_vec of the img NO.0 is:
[0.9226401416321673, -0.009344513245709396, -0.385548763609968;
 0.04316206302275723, 0.9959277818833243, 0.07915105551147872;
 0.3832390968632947, -0.08966902110072583, 0.9192862782018688]
[-48.30193322855335;
 -20.40623683293039;
 95.59524665312144]

The r_vec and the t_vec of the img NO.1 is:
[0.9973120761448749, -0.05613630021716561, -0.04708862467228545;
 0.05876091577618731, 0.9966809515958147, 0.05634035412743704;
 0.04376959621407237, -0.05895588625395638, 0.9973005694991193]
[-42.16732132691355;
 -18.57662725180617;
 107.806364172308]

The r_vec and the t_vec of the img NO.2 is:
[0.9906354597811302, -0.05089700332718157, 0.1266920710879011;
 0.04607613821264044, 0.998108553884804, 0.04069771675899071;
 -0.1285238316875068, -0.03447911997569321, 0.9911068635490642]
[-44.60814375928975;
 -20.72460227577671;
 111.3743607170954]

The r_vec and the t_vec of the img NO.3 is:
[0.8328328988375151, -0.02164573218375055, 0.553101098256124;
 0.02746177121448592, 0.9996203665003569, -0.00223024650099758;
 -0.5528428472320723, 0.01704655847733862, 0.8331111577145117]
[-35.38030192300501;
 -25.19894496231104;
 134.5621829441104]

The r_vec and the t_vec of the img NO.4 is:
[0.7687754847640544, -0.01242849163828974, 0.639397987658227;
 0.07257637233401666, 0.9950474992307066, -0.06792013290292602;
 -0.6353872238286093, 0.09862051951959043, 0.7658701384210373]
[-37.99805398233428;
 -31.57254147760048;
 138.7742251997979]

The r_vec and the t_vec of the img NO.5 is:
[0.9157794662243349, 0.08966711128850172, 0.3915453720771676;
 0.07281940018918134, 0.9215541962454863, -0.3813596705715269;
 -0.3950257006802975, 0.3777534546969903, 0.8374109046737622]
[-49.12448463062788;
 -20.41299815523317;
 130.1975995488451]

The r_vec and the t_vec of the img NO.6 is:
[0.9863464132690252, 0.03236488888318093, 0.1614721864560852;
 0.04244061629137914, 0.8974239003568518, -0.4391231457770167;
 -0.1591211711876748, 0.4399805189276844, 0.8837972594684756]
[-44.45270989676634;
 -21.51034781846946;
 115.40878935416]

The r_vec and the t_vec of the img NO.7 is:
[0.9991343056073968, 0.04073667032869516, 0.008435819400398939;
 -0.03019067895576212, 0.8495384769377863, -0.5266620349962738;
 -0.02862101085942007, 0.5259514235105343, 0.850032903977621]
[-26.43101484233808;
 -22.98662409656605;
 93.88738532985025]

The r_vec and the t_vec of the img NO.8 is:
[0.9759863356815695, -0.05727456206150321, -0.2101673074089447;
 -0.06669014452801265, 0.8399220228420835, -0.5385939288255069;
 0.2073718813766602, 0.5396764031209124, 0.8159327685102363]
[-33.53192787342823;
 -16.61785532285593;
 88.43332038677607]

The r_vec and the t_vec of the img NO.9 is:
[0.8926785515051643, -0.2355138247718322, -0.3842632457365451;
 0.008196010637876616, 0.8609456142136465, -0.5086309809438577;
 0.4506193838399161, 0.450894541669812, 0.7704779576341588]
[-25.17552321161841;
 -13.33074090587744;
 81.73493965000858]

The r_vec and the t_vec of the img NO.10 is:
[0.8963375960436337, -0.08991864147663635, -0.4341584409333945;
 0.05303289175473842, 0.9939322442482756, -0.09636496373535486;
 0.4401890801812896, 0.06335086233495321, 0.8956674840199168]
[-24.23679887012057;
 -33.5763062900736;
 108.8860160937572]

The r_vec and the t_vec of the img NO.11 is:
[0.9100913303786939, -0.06487657101632084, -0.4092979365971727;
 0.1724816623964275, 0.9573565307876601, 0.2317726236965461;
 0.376807439558329, -0.2815306439650581, 0.8824718975707475]
[-26.40500595149352;
 -28.04419447669532;
 119.7923887992132]

The r_vec and the t_vec of the img NO.12 is:
[0.9875027163384331, -0.1155249287127142, -0.1072025002979795;
 0.1448994873937109, 0.9330551512710318, 0.3292601148630544;
 0.06198809383466967, -0.3406788451496721, 0.9381339993253789]
[-25.55457091323006;
 -20.54117055933705;
 130.6731954310106]

The r_vec and the t_vec of the img NO.13 is:
[0.9802053986134418, -0.1155403757175059, 0.1607725042042984;
 0.0590621126623746, 0.9457239202692109, 0.3195589671382924;
 -0.1889683660746437, -0.3037378610079634, 0.9338277509334292]
[-29.75480054256314;
 -22.01541895587785;
 142.4825712170818]

The r_vec and the t_vec of the img NO.14 is:
[0.8414763658374392, -0.1697589654225417, 0.5129321781636286;
 0.0144062004784182, 0.9560697212273453, 0.292785159357577;
 -0.5401018303290518, -0.2389823880768925, 0.8069556561944862]
[-21.15640780390255;
 -28.72148898502476;
 152.9084727274451]

The r_vec and the t_vec of the img NO.15 is:
[0.8726750143346618, -0.2173647627430298, 0.4372537927493189;
 0.05735326798742092, 0.9348877543199768, 0.3502791593482458;
 -0.4849215627368627, -0.2806019364512958, 0.8283197638911087]
[-26.04981034515582;
 -27.98334538144344;
 129.3821904180751]

The r_vec and the t_vec of the img NO.16 is:
[0.9909384406959256, -0.05104276462585322, -0.1242402629201873;
 0.09322993049421022, 0.9272504306741027, 0.3626497192536286;
 0.09669119303831276, -0.3709464583926373, 0.9236068093051215]
[-45.28363899496022;
 -31.4764794871362;
 103.1653313671366]

The r_vec and the t_vec of the img NO.17 is:
[0.9013122350978973, -0.002279905314877706, -0.4331640069241534;
 0.139482897268444, 0.9482524158835834, 0.2852400342528172;
 0.4100984957695327, -0.3175093034899966, 0.8549895121958302]
[-40.06771840250315;
 -32.50401050536283;
 88.46121859165908]

The r_vec and the t_vec of the img NO.18 is:
[0.8320930214168836, 0.02599406178465252, -0.5540266351550777;
 0.1138741641884057, 0.969614130046448, 0.2165204691124187;
 0.5428203003202016, -0.2432544913587528, 0.8038490990192629]
[-25.19933299769425;
 -28.69086267979419;
 87.39317572909474]

The r_vec and the t_vec of the img NO.19 is:
[0.9516740213524782, -0.2643619493807892, -0.1562988061451266;
 0.1347640879543671, 0.8167960532550251, -0.5609659953908451;
 0.2759623120656702, 0.512793298617097, 0.8129500816241834]
[-18.37041290527523;
 -19.74699755904607;
 84.93172871806699]

The r_vec and the t_vec of the img NO.20 is:
[0.9977302007033426, -0.06576665682222363, 0.01446352152470232;
 0.06277693655758571, 0.8307296012168094, -0.5531251087218928;
 0.02436191373666115, 0.5527776013123079, 0.8329726409951882]
[-36.84218067427911;
 -19.41287557649825;
 79.71220124421906]

The r_vec and the t_vec of the img NO.21 is:
[0.9157940251582976, 0.1621615839493016, 0.3674573773588131;
 0.06999770671290925, 0.8364357729500563, -0.5435765988196837;
 -0.3955017377196933, 0.5235253751447921, 0.7546519443029399]
[-57.99472169524417;
 -24.72839638796439;
 97.63738235890492]

The r_vec and the t_vec of the img NO.22 is:
[0.9461667636020774, -0.008058768422671442, 0.3235792201397987;
 0.03051486218491929, 0.9974584351696125, -0.06438566063047974;
 -0.3222379534452854, 0.07079354744959232, 0.9440079316398229]
[-49.58535975397243;
 -26.40249668470044;
 124.3207090572909]

The r_vec and the t_vec of the img NO.23 is:
[0.9738607791671561, -0.05660761043881466, 0.2199790018168711;
 0.04386803353365181, 0.997088172552387, 0.06237605141423858;
 -0.2228694201406509, -0.0510955438032392, 0.9735083291732132]
[-47.28462468345052;
 -21.66960746135012;
 124.7620835455286]

The r_vec and the t_vec of the img NO.24 is:
[0.9925228528432881, -0.03665571987054207, -0.1164248460793185;
 0.05225873777103177, 0.9896116010210037, 0.1339324585424475;
 0.1103059876452733, -0.1390152413421573, 0.9841277111047033]
[-57.53711896128109;
 -23.04756003304832;
 108.7898335065922]

The r_vec and the t_vec of the img NO.25 is:
[0.9289135236634385, -0.04289626594839439, -0.3678037192890513;
 0.08748594735701658, 0.9905716288462665, 0.1054232286543137;
 0.3598136664583767, -0.1301067196286918, 0.923908202657191]
[-29.88157179826836;
 -29.12048305971883;
 90.46292626929335]

The r_vec and the t_vec of the img NO.26 is:
[0.9108346133405963, -0.06986732375004835, -0.4068155161897002;
 0.2280792434573106, 0.906637856864321, 0.3549473977991836;
 0.3440351229811096, -0.4160845509899123, 0.8417324281402588]
[-28.57664620900888;
 -31.2233676218381;
 100.2279174235729]

The r_vec and the t_vec of the img NO.27 is:
[0.973832249064208, -0.1821393102148554, -0.1359265329396849;
 0.2236250990469597, 0.8746047905818894, 0.4301840017567446;
 0.04052857953079581, -0.4493236383339587, 0.8924492715418338]
[-38.3901033149958;
 -36.99494008412969;
 108.5890510354849]

The r_vec and the t_vec of the img NO.28 is:
[0.8720493874278009, -0.07625974602600831, 0.4834400862804467;
 -0.1106500963851038, 0.9314891861832534, 0.346532036316453;
 -0.4767456576171034, -0.3556857421372256, 0.8038664259586455]
[-42.70407188490285;
 -21.81680744203308;
 121.9310305439859]

The r_vec and the t_vec of the img NO.29 is:
[0.8152192656219795, -0.003562556763625262, 0.5791414828416857;
 -0.1257799756367997, 0.9750241543969415, 0.18304998244014;
 -0.5653290605369288, -0.2220702738590544, 0.7944103768082326]
[-42.53147182018141;
 -18.90429248342405;
 126.1589646822006]

The r_vec and the t_vec of the img NO.30 is:
[0.8393830929079713, 0.08400177868202542, 0.5370099854923593;
 -0.03117865292366538, 0.9938000609289029, -0.1067208063105525;
 -0.5426452938542023, 0.07283639252437521, 0.8367980311771303]
[-50.46903438499022;
 -19.57057923003016;
 122.9063871431388]

The r_vec and the t_vec of the img NO.31 is:
[0.9045018390732239, 0.07731638198753417, 0.419402670699071;
 0.09884568881958443, 0.9186423579105267, -0.3825254868036501;
 -0.4148565449826452, 0.3874511521843047, 0.8232713111460384]
[-41.83040300670147;
 -20.42197990405397;
 122.5562551023624]

The r_vec and the t_vec of the img NO.32 is:
[0.9956964896192549, -0.0372010973518329, -0.08487979097354274;
 0.01353652239562343, 0.964452919671713, -0.263907802647328;
 0.09168022208374958, 0.2616230954876264, 0.9608059600076108]
[-39.37107346838924;
 -16.23910096908103;
 97.66773140813791]

The r_vec and the t_vec of the img NO.33 is:
[0.9208674665399628, -0.0606440880567426, -0.3851303722793575;
 -0.03699437575914181, 0.9697798244520095, -0.241160751881439;
 0.3881166386931406, 0.2363247483222941, 0.8907951998635503]
[-36.56166924079879;
 -6.972430599184175;
 100.2364161325986]

The r_vec and the t_vec of the img NO.34 is:
[0.8605528528635529, -0.08974688187791521, -0.5013923459942243;
 0.1588342164282755, 0.9825544861956702, 0.09673868589338164;
 0.4839633034848987, -0.1628870125269481, 0.859794941849526]
[-22.48469605080104;
 -30.53988480639735;
 105.9586516486525]

The r_vec and the t_vec of the img NO.35 is:
[0.9829274339238834, -0.03701743816948998, -0.1802314315295138;
 0.09891119613494855, 0.9322799363153365, 0.3479521455933643;
 0.1551458504729133, -0.3598386160700934, 0.9200249645883509]
[-40.07745396377972;
 -28.50428299584;
 127.5562819506308]

The r_vec and the t_vec of the img NO.36 is:
[0.9975968962029812, -0.06927057745826994, -0.001421191322891939;
 0.06595252754415372, 0.9431273936937892, 0.3258235463788615;
 -0.02122962073886582, -0.3251342897372688, 0.9454295303407471]
[-50.38604844711089;
 -27.57450516709917;
 101.3015535475497]

The r_vec and the t_vec of the img NO.37 is:
[0.8635037729985898, -0.001131710669504613, 0.5043411080292387;
 -0.08287164338426238, 0.9860868414923248, 0.1441007694583282;
 -0.4974872106295712, -0.1662271345678892, 0.8513959214098676]
[-41.30508181223801;
 -26.83648312189105;
 115.5580957050311]

The r_vec and the t_vec of the img NO.38 is:
[0.8732688470347417, 0.001100788611173645, 0.4872374257618624;
 -0.05350557601708803, 0.9941662838107412, 0.09365123314201723;
 -0.4842919306923175, -0.1078526235117828, 0.8682333427529336]
[-44.66196975028942;
 -24.51391869319162;
 116.7614948550046]

The r_vec and the t_vec of the img NO.39 is:
[0.9986436588851164, -0.01001080445722602, -0.05109428894374016;
 0.004303694543855882, 0.9938548103739621, -0.1106078392782764;
 0.05188757829982441, 0.1102379231056855, 0.9925498876769493]
[-41.53305992897182;
 -28.75567436435587;
 94.16680616794073]

The r_vec and the t_vec of the img NO.40 is:
[0.994203422580737, -0.00175469113621444, -0.1075010492402981;
 -0.003907996674808312, 0.9986163068301405, -0.05244234257659044;
 0.1074443208863931, 0.05255847022076722, 0.9928208927683354]
[-44.55032491906556;
 -21.98501869864223;
 77.05012738849982]

start triangulate points
The position of the first camera is: 
[0.9226401416321673, -0.009344513245709396, -0.385548763609968, -48.30193322855335;
 0.04316206302275723, 0.9959277818833243, 0.07915105551147872, -20.40623683293039;
 0.3832390968632947, -0.08966902110072583, 0.9192862782018688, 95.59524665312144]
The position of the second camera is: 
[0.9973120761448749, -0.05613630021716561, -0.04708862467228545, -42.16732132691355;
 0.05876091577618731, 0.9966809515958147, 0.05634035412743704, -18.57662725180617;
 0.04376959621407237, -0.05895588625395638, 0.9973005694991193, 107.806364172308]

Point No.0: 
[0.17409535, 0.36477056, -0.83406967, 1]
Point No.1: 
[9.9912844, 0.020844867, -0.12683964, 1]
Point No.2: 
[19.973232, 0.067951255, -0.082252257, 1]
Point No.3: 
[30.088743, -0.031609878, 0.1831802, 1]
Point No.4: 
[40.038151, -0.054377828, 0.24398322, 1]
Point No.5: 
[50.092651, 0.0589603, 0.12085207, 1]
Point No.6: 
[60.074638, -0.059331812, 0.17537776, 1]
Point No.7: 
[69.884438, 0.025358988, -0.28875744, 1]
Point No.8: 
[80.377541, -0.28636378, 0.69242507, 0.99999994]
Point No.9: 
[0.045344856, 9.9881573, -0.22553611, 1]
Point No.10: 
[10.04011, 10.025366, 0.068173893, 1]
Point No.11: 
[19.916529, 9.9839525, -0.045193266, 1]
Point No.12: 
[30.086786, 10.024082, 0.073167197, 1]
Point No.13: 
[39.947559, 10.045619, -0.10123007, 1]
Point No.14: 
[50.016998, 10.041666, 0.036076035, 1]
Point No.15: 
[59.835148, 9.9344749, -0.27644205, 1]
Point No.16: 
[69.937965, 10.122827, -0.27744377, 1]
Point No.17: 
[79.74411, 10.018138, -0.29466951, 1]
Point No.18: 
[0.058967665, 19.992567, -0.17461105, 1]
Point No.19: 
[10.053794, 20.012245, -0.25046611, 1]
Point No.20: 
[19.923407, 19.966122, 0.077894323, 1]
Point No.21: 
[30.10664, 19.954096, 0.0061531696, 1]
Point No.22: 
[40.13414, 20.017399, 0.35124496, 1]
Point No.23: 
[49.915287, 19.950304, -0.12045904, 1]
Point No.24: 
[60.025005, 19.969685, 0.0086647319, 1]
Point No.25: 
[69.951019, 19.992743, -0.28806016, 1]
Point No.26: 
[79.960297, 19.9741, -0.017850559, 1]
Point No.27: 
[0.017638138, 29.986126, -0.31354398, 1]
Point No.28: 
[9.9722118, 30.02524, 0.66775244, 1]
Point No.29: 
[19.957005, 29.996704, -0.1485447, 0.99999994]
Point No.30: 
[30.028845, 30.006365, -0.27961114, 1]
Point No.31: 
[40.005299, 29.997469, 0.29018268, 1]
Point No.32: 
[50.027645, 29.993853, 0.12064981, 1]
Point No.33: 
[60.070442, 30.091234, 0.16296914, 0.99999994]
Point No.34: 
[69.935562, 29.966894, -0.19513737, 1]
Point No.35: 
[80.144669, 29.97171, 0.37508768, 1]
Point No.36: 
[-0.11851852, 40.023857, 0.20914103, 1]
Point No.37: 
[9.9997282, 39.980412, -0.25485185, 0.99999994]
Point No.38: 
[19.917807, 40.024338, 0.24196778, 1]
Point No.39: 
[30.032309, 40.009659, -0.36207741, 1]
Point No.40: 
[39.868511, 39.877243, -0.2397299, 1]
Point No.41: 
[50.028088, 40.03796, -0.078304991, 1]
Point No.42: 
[60.152649, 39.982948, 0.45209286, 1]
Point No.43: 
[70.127975, 40.038544, 0.28385043, 1]
Point No.44: 
[80.010284, 40.009224, 0.028313721, 1]
Point No.45: 
[0.053691033, 49.863369, 0.15533501, 1]
Point No.46: 
[9.9631662, 50.067696, 0.14817314, 1]
Point No.47: 
[19.907589, 50.02179, 0.069292761, 1]
Point No.48: 
[30.085642, 50.049419, 0.15074328, 0.99999994]
Point No.49: 
[39.956997, 49.997875, -0.13848428, 1]
Point No.50: 
[50.018776, 50.061695, -0.0026159801, 1]
Point No.51: 
[60.125885, 50.068207, 0.27110037, 1]
Point No.52: 
[69.989449, 49.983688, -0.015208719, 1]
Point No.53: 
[79.719879, 49.986336, -0.43005577, 1]

